  0.0000000e+000  0.0000000e+000  0.0000000e+000
  3.1372549e-002  0.0000000e+000  0.0000000e+000
  5.8823529e-002  0.0000000e+000  0.0000000e+000
  9.0196078e-002  0.0000000e+000  0.0000000e+000
  1.2156863e-001  3.9215686e-003  0.0000000e+000
  1.4901961e-001  3.9215686e-003  0.0000000e+000
  1.8039216e-001  7.8431373e-003  0.0000000e+000
  2.0784314e-001  1.1764706e-002  0.0000000e+000
  2.3529412e-001  1.5686275e-002  0.0000000e+000
  2.6274510e-001  1.9607843e-002  0.0000000e+000
  2.9019608e-001  2.3529412e-002  0.0000000e+000
  3.1764706e-001  2.7450980e-002  0.0000000e+000
  3.4117647e-001  3.5294118e-002  0.0000000e+000
  3.6862745e-001  3.9215686e-002  0.0000000e+000
  3.9215686e-001  4.7058824e-002  0.0000000e+000
  4.1568627e-001  5.4901961e-002  0.0000000e+000
  4.4313725e-001  6.2745098e-002  0.0000000e+000
  4.6666667e-001  7.0588235e-002  0.0000000e+000
  4.8627451e-001  7.8431373e-002  0.0000000e+000
  5.0980392e-001  9.0196078e-002  0.0000000e+000
  5.3333333e-001  9.8039216e-002  0.0000000e+000
  5.5294118e-001  1.0980392e-001  0.0000000e+000
  5.7254902e-001  1.2156863e-001  0.0000000e+000
  5.9607843e-001  1.2941176e-001  0.0000000e+000
  6.1568627e-001  1.4509804e-001  0.0000000e+000
  6.3529412e-001  1.5686275e-001  0.0000000e+000
  6.5490196e-001  1.6862745e-001  0.0000000e+000
  6.7058824e-001  1.8039216e-001  0.0000000e+000
  6.9019608e-001  1.9607843e-001  0.0000000e+000
  7.0588235e-001  2.1176471e-001  0.0000000e+000
  7.2549020e-001  2.2352941e-001  0.0000000e+000
  7.4117647e-001  2.3921569e-001  0.0000000e+000
  7.5686275e-001  2.5490196e-001  0.0000000e+000
  7.7254902e-001  2.7058824e-001  0.0000000e+000
  7.8431373e-001  2.9019608e-001  0.0000000e+000
  8.0000000e-001  3.0588235e-001  0.0000000e+000
  8.1568627e-001  3.2549020e-001  0.0000000e+000
  8.2745098e-001  3.4117647e-001  0.0000000e+000
  8.3921569e-001  3.6078431e-001  0.0000000e+000
  8.5098039e-001  3.8039216e-001  0.0000000e+000
  8.6666667e-001  4.0000000e-001  0.0000000e+000
  8.7450980e-001  4.2352941e-001  0.0000000e+000
  8.8627451e-001  4.4313725e-001  0.0000000e+000
  8.9803922e-001  4.6274510e-001  0.0000000e+000
  9.0588235e-001  4.8627451e-001  0.0000000e+000
  9.1764706e-001  5.0980392e-001  0.0000000e+000
  9.2549020e-001  5.2941176e-001  0.0000000e+000
  9.3333333e-001  5.5294118e-001  0.0000000e+000
  9.4117647e-001  5.8039216e-001  0.0000000e+000
  9.4901961e-001  6.0392157e-001  0.0000000e+000
  9.5686275e-001  6.2745098e-001  0.0000000e+000
  9.6078431e-001  6.5490196e-001  0.0000000e+000
  9.6862745e-001  6.7843137e-001  0.0000000e+000
  9.7254902e-001  7.0588235e-001  0.0000000e+000
  9.7647059e-001  7.3333333e-001  0.0000000e+000
  9.8039216e-001  7.6078431e-001  0.0000000e+000
  9.8431373e-001  7.8823529e-001  0.0000000e+000
  9.8823529e-001  8.1568627e-001  0.0000000e+000
  9.9215686e-001  8.4705882e-001  0.0000000e+000
  9.9215686e-001  8.7450980e-001  0.0000000e+000
  9.9607843e-001  9.0588235e-001  0.0000000e+000
  9.9607843e-001  9.3725490e-001  0.0000000e+000
  9.9607843e-001  9.6470588e-001  0.0000000e+000
  1.0000000e+000  1.0000000e+000  0.0000000e+000
  1.0000000e+000  1.0000000e+000  1.0000000e+000
