-161 560 2 27JAN032
 239 762 1 27JAN039
 346 194 1 27JAN039
-149 903 2 27JAN042
-363 366 3 27JAN048
-364 385 2 27JAN054
-183 729 4 27JAN056
-287  19 4 27JAN056
 325  42 4 27JAN056
-143 607 2 27JAN058
-315 522 3 27JAN064
 307 628 3 27JAN064
-330 307 1 27JAN066
-310 760 3 27JAN077
-150 442 2 27JAN084
 225 358 2 27JAN084
 199 774 1 27JAN085
-284 925 1 27JAN085
-285 225 3 27JAN087
 307 777 3 27JAN090
 337 109 1 27JAN092
-253 759 2 27JAN093
 236 623 2 27JAN093
 199 238 4 27JAN095
 257 640 1 27JAN098
-328 124 2 27JAN052A
 336 126 2 27JAN052A
 167  58 1 27JAN058A
-439 515 1 27JAN064A
-247 482 1 27JAN064A
-199 103 2 30JAN020
 412  46 2 30JAN020
-175 680 2 30JAN024
 425 564 2 30JAN024
 350 729 1 30JAN026
-342  87 1 30JAN027
-348 748 3 30JAN028
 134 268 3 30JAN034
 276 277 2 30JAN038
 401 146 2 30JAN043
-203 129 2 30JAN043
 155 525 1 30JAN045
 192 246 3 30JAN047
-396 665 3 30JAN052
-395 497 1 30JAN054
 277  54 1 30JAN055
-422 679 2 30JAN061
 327 542 2 30JAN061
-427 691 3 30JAN065
 229 387 3 30JAN071
-212 614 1 30JAN073
 241 155 1 30JAN073
 220 340 2 30JAN075
 389 123 1 30JAN082
-297 724 3 30JAN089
-277 510 1 30JAN091
-360 618 2 30JAN093
 342 214 2 30JAN017A
-189 792 2 30JAN034A
 168 200 2 30JAN035A
 262 445 4 30JAN040A
-459 148 1 30JAN046A
 345 856 2 30JAN048A
-280 859 2 30JAN048A
 252 524 2 30JAN052A
-339 527 2 30JAN052A
 224 189 1 30JAN055A
 367 673 4 30JAN060A
-252 716 1 30JAN063A
 362 669 1 30JAN063A
 229 363 2 30JAN066A
-233 211 2 30JAN070A
-266 650 1 30JAN072A
 282 557 2 31JAN029
-208 702 4 31JAN031
-337  99 3 31JAN036
 289 942 1 31JAN040
-236 164 1 31JAN041
 268  75 1 31JAN041
-206 520 2 31JAN042
-348 494 4 31JAN044
-139 156 4 31JAN044
-277  56 2 31JAN046
 309 607 3 31JAN052
-303 485 3 31JAN052
-371 678 3 31JAN065
-152 146 2 31JAN072
 261  71 2 31JAN072
-296 700 1 31JAN073
 293 142 1 31JAN080
-240 692 2 31JAN081
 233 450 2 31JAN081
 278 427 1 31JAN086
 275 472 1 31JAN071A
 232 363 4 31JAN139A
 209 720 4 31JAN158A
-211 266 4 31JAN166A
 284 110 2 01FEB019
 223  70 1 01FEB021
 203 700 3 01FEB022
 199 482 3 01FEB028
 197 325 1 01FEB030
-285 603 1 01FEB030
 127 295 2 01FEB032
 281 869 2 01FEB036
-453 182 2 01FEB037
 320  35 2 01FEB037
-192 624 3 01FEB046
 444 814 1 01FEB048
-210 383 1 01FEB048
-479 471 2 01FEB050
-473 175 2 01FEB055
-149 534 1 01FEB057
-202 300 3 01FEB059
-169 794 1 01FEB066
 322 861 1 01FEB066
 286 713 2 01FEB068
-300 873 2 01FEB068
-225 634 1 01FEB075
 373 647 3 01FEB077
 304 573 2 01FEB018A
 301 463 3 01FEB032A
-224 116 2 01FEB037A
-454 566 4 01FEB039A
-314 911 2 01FEB041A
 256 239 1 01FEB044A
-232 161 3 01FEB051A
 265 963 4 01FEB057A
 275  13 4 01FEB058A
-350 447 2 01FEB060A
 194 490 2 01FEB062A
 484 831 3 01FEB064A
 342 905 1 01FEB071A
 481 828 2 01FEB073A
-380 303 3 01FEB076A
-440 629 4 01FEB076A
-416 922 2 01FEB078A
-394  33 2 01FEB079A
 436 556 3 25AUG050
 270 105 1 25AUG054
-187 677 1 25AUG056
-204 761 3 25AUG101
-219 555 3 25AUG107
 284 395 3 25AUG118
 457 571 3 25AUG119
-193 497 4 25AUG121
 407 312 3 25AUG130
 164 175 3 25AUG140
-392 745 3 25AUG147
 273 626 3 25AUG149
 427 895 3 25AUG154
 237 511 4 25AUG176
-455 144 3 25AUG178
-333 293 3 25AUG192
-276 225 3 25AUG193
-319 961 1 26AUG330
-184 655 1 26AUG330
-170 250 1 26AUG331
-346  83 1 26AUG331
-213 243 1 26AUG341
-231 485 1 26AUG341
-179 728 1 26AUG341
-109 955 3 26AUG348
-117 132 2 26AUG349
-472  46 1 26AUG389
-474 263 1 26AUG389
 310 324 1 26AUG401
 258 519 1 26AUG401
 263 764 1 26AUG401
-233 626 1 26AUG402
-222 858 1 26AUG402 
 495 683 1 26AUG405
 500 970 1 26AUG405
 440 194 1 26AUG406
 282 568 2 27AUG026
-288 169 2 27AUG032
-479 463 2 27AUG038
 162 219 2 27AUG074
 269 532 2 27AUG079
 119 414 2 27AUG079
-447 719 2 27AUG115
 324 749 2 27AUG115
-274 561 2 27AUG122
 336 731 2 27AUG147
-194 509 2 27AUG153
 197 643 2 27AUG160
 134 305 2 27AUG166
-200 598 2 27AUG173
 420 665 2 27AUG179
 166 768 1 27AUG216
 230 809 1 27AUG217
 115 591 1 27AUG217
-225 786 3 31AUG136
-442 618 3 31AUG140
-360 259 3 31AUG143
 179 681 1 31AUG162
-387 920 1 31AUG182
-475 803 2 31AUG190
 134 503 2 31AUG196
-253 815 3 06SEP007
-183 679 3 06SEP046
 456 717 2 06SEP166
 312 649 2 06SEP166
-118 823 2 06SEP171
 201 241 1 06SEP221
 212 616 2 06SEP227
-458 572 1 06SEP239
-328 749 1 06SEP241
 107 694 1 06SEP241
 321 735 2 06SEP253
 267 192 3 09MAR007
 277  39 4 09MAR034
 295 114 2 09MAR038
-204 431 1 09MAR039
-448 579 4 09MAR041
-117 304 4 09MAR043
 313 765 3 09MAR050
 246 237 4 09MAR051
-131 229 3 09MAR058
 410 628 3 09MAR059
 169 226 3 09MAR061
-406 225 3 09MAR067
-111 142 3 09MAR067
-342 868 3 09MAR070
-454 634 4 09MAR085
-316 212 4 09MAR093
-200 292 4 09MAR098
 484 774 4 09MAR100
 183 702 4 09MAR202
 259 721 4 09MAR209
-270 237 4 09MAR210
-469 272 4 09MAR213
-223 336 4 09MAR220
 342 721 3 09MAR257
-128 423 3 09MAR269
 352 194 3 09MAR269
-244 212 4 09MAR270
-247 702 3 09MAR277
-421 813 3 09MAR279
 210 924 1 09MAR281
 229 138 1 09MAR282
-206 193 3 09MAR292
 504 679 1 09MAR314
 293 445 2 09MAR316
 308 110 4 09MAR322
-156 382 4 10MAR075
-370 760 2 10MAR081
-385 755 2 10MAR103
-140 737 4 10MAR107
-144 500 4 10MAR108
-120 657 4 10MAR137
-238 529 2 10MAR144
-179 950 4 10MAR144
 381 567 3 10MAR146
-149 708 3 10MAR153
-474 432 4 10MAR157
 337 747 2 10MAR159
-203 920 2 10MAR170
-180 202 2 10MAR171
 450 657 1 10MAR183
 297 914 4 10MAR191
-172 754 4 10MAR192
-305 860 3 10MAR199
-244 945 1 10MAR200
-220  60 1 10MAR201
 123 509 1 10MAR210
 133 584 3 10MAR211
-141 243 4 10MAR226
 290 326 2 10MAR232
-370 265 2 10MAR232
-332 579 2 10MAR233
-252 802 1 10MAR237
 269 846 1 10MAR237
 436 560 3 12MAR013
-283 871 4 12MAR013
-311 765 3 12MAR014
 460 459 4 12MAR014
 149 815 3 12MAR022
-372 208 3 12MAR024
 301  65 3 12MAR032
-134 128 3 12MAR032
 210 394 3 12MAR033
-218 328 3 12MAR033
-505 276 3 12MAR041
 220 599 3 12MAR042
-335 784 4 12MAR045
 172 190 4 12MAR047
-385 342 3 12MAR050
-170 394 4 12MAR056
 327 378 4 12MAR064
 177 818 3 12MAR114
-427 251 3 12MAR122
 207 173 3 12MAR147
-421 292 3 12MAR154
-266  93 3 13MAR189
 179 149 2 13MAR256
 165 729 1 13MAR261
-341  60 1 13MAR262
-416  70 1 13MAR265
 308 265 2 13MAR266
-274 236 2 13MAR266
 303 814 1 13MAR292
-158 937 2 13MAR363
-291 609 3 14MAR009
 305 768 3 14MAR009
-234  93 2 14MAR189
 192 281 2 14MAR209
-174 838 2 14MAR224
-336 723 3 15MAR009
 260 847 3 15MAR009
-292 554 3 15MAR033
 270 736 3 15MAR033
